     n         Eo           X      Re Res      Re Int      Re Sig        Vxc     Re Eqp0  
                                   Im Res      Im Int      Im Sig                Im Eqp0  
     1   -5.755108  -18.592514   10.326346   -3.933147  -12.199314    3.484918  -21.439340 
                                  0.001422    0.000000    0.001422                 0.001422 
     2   -1.662342  -15.863031    6.577335   -1.009025  -10.294720    4.521825  -16.478888 
                                  0.003268    0.000000    0.003268                 0.003268 
     3   -1.662333  -15.863031    6.577335   -1.009025  -10.294720    4.521796  -16.478849 
                                  0.003268    0.000000    0.003268                 0.003268 
     4   -1.662325  -15.863031    6.577335   -1.009025  -10.294720    4.521774  -16.478819 
                                  0.003268    0.000000    0.003268                 0.003268 
     5   -1.662323  -15.863031    6.577335   -1.009025  -10.294720    4.521807  -16.478851 
                                  0.003268    0.000000    0.003268                 0.003268 
     6   -1.662322  -15.863031    6.577335   -1.009025  -10.294720    4.521805  -16.478848 
                                  0.003268    0.000000    0.003268                 0.003268 
     7   -1.662318  -15.863031    6.577335   -1.009025  -10.294720    4.521792  -16.478830 
                                  0.003268    0.000000    0.003268                 0.003268 
     8    3.257737  -12.928407    1.548802   -0.503604  -11.883209    3.711894  -12.337366 
                                  0.000058    0.000000    0.000058                 0.000058 
     9    3.257737  -12.928407    1.548802   -0.503604  -11.883209    3.711893  -12.337365 
                                  0.000058    0.000000    0.000058                 0.000058 
    10    3.257738  -12.928407    1.548802   -0.503604  -11.883209    3.711889  -12.337359 
                                  0.000058    0.000000    0.000058                 0.000058 
    11    3.257739  -12.928407    1.548802   -0.503604  -11.883209    3.711888  -12.337358 
                                  0.000058    0.000000    0.000058                 0.000058 
    12    3.257740  -12.928407    1.548802   -0.503604  -11.883209    3.711891  -12.337359 
                                  0.000058    0.000000    0.000058                 0.000058 
    13    3.257740  -12.928407    1.548802   -0.503604  -11.883209    3.711885  -12.337354 
                                  0.000058    0.000000    0.000058                 0.000058 
    14    6.152942  -13.093340    0.000000    0.992685  -12.100655    5.675152  -11.622865 
                                  0.000000    0.000000    0.000000                 0.000000 
    15    6.152942  -13.093340    0.000000    0.992685  -12.100655    5.675151  -11.622863 
                                  0.000000    0.000000    0.000000                 0.000000 
    16    6.152942  -13.093340    0.000000    0.992685  -12.100655    5.675149  -11.622862 
                                  0.000000    0.000000    0.000000                 0.000000 
    17    6.623127   -4.625402   -0.888835    0.247692   -5.266544   -0.245400    1.601983 
                                 -0.000000    0.000000   -0.000000                -0.000000 
    18    6.623135   -4.625402   -0.888835    0.247692   -5.266544   -0.245429    1.602020 
                                 -0.000000    0.000000   -0.000000                -0.000000 
    19    6.623145   -4.625402   -0.888835    0.247692   -5.266544   -0.245462    1.602062 
                                 -0.000000    0.000000   -0.000000                -0.000000 
    20    6.623145   -4.625402   -0.888835    0.247692   -5.266544   -0.245441    1.602042 
                                 -0.000000    0.000000   -0.000000                -0.000000 
    21    6.623150   -4.625402   -0.888835    0.247692   -5.266544   -0.245455    1.602061 
                                 -0.000000    0.000000   -0.000000                -0.000000 
    22    6.623151   -4.625402   -0.888835    0.247692   -5.266544   -0.245461    1.602068 
                                 -0.000000    0.000000   -0.000000                -0.000000 
    23    8.553542   -6.007324   -1.801523    1.579578   -6.229268    2.330708   -0.006434 
                                 -0.000008    0.000000   -0.000008                -0.000008 
    24    8.553542   -6.007324   -1.801523    1.579578   -6.229268    2.330708   -0.006433 
                                 -0.000008    0.000000   -0.000008                -0.000008 
    25    8.553542   -6.007324   -1.801523    1.579578   -6.229268    2.330707   -0.006432 
                                 -0.000008    0.000000   -0.000008                -0.000008 
    26    9.041504   -5.308765   -2.598593    1.368746   -6.538613    5.333949   -2.831058 
                                 -0.000020    0.000000   -0.000020                -0.000020 
    27   13.494857   -1.897466   -4.677828    0.868992   -5.706301   -2.679201   10.467757 
                                 -0.003018    0.000000   -0.003018                -0.003018 
    28   13.838924   -4.251120   -1.317254    0.734086   -4.834288    2.185293    6.819342 
                                 -0.000559    0.000000   -0.000559                -0.000559 
    29   13.838924   -4.251120   -1.317254    0.734086   -4.834288    2.185293    6.819342 
                                 -0.000559    0.000000   -0.000559                -0.000559 
    30   15.867140   -4.122769   -3.112007    1.394541   -5.840234    4.046151    5.980755 
                                 -0.000401    0.000000   -0.000401                -0.000401 
    31   15.867141   -4.122769   -3.112007    1.394541   -5.840234    4.046153    5.980754 
                                 -0.000401    0.000000   -0.000401                -0.000401 
    32   15.867141   -4.122769   -3.112007    1.394541   -5.840234    4.046150    5.980757 
                                 -0.000401    0.000000   -0.000401                -0.000401 
    33   15.867141   -4.122769   -3.112007    1.394541   -5.840234    4.046150    5.980757 
                                 -0.000401    0.000000   -0.000401                -0.000401 
    34   15.867142   -4.122769   -3.112007    1.394541   -5.840234    4.046146    5.980761 
                                 -0.000401    0.000000   -0.000401                -0.000401 
    35   15.867143   -4.122769   -3.112007    1.394541   -5.840234    4.046146    5.980763 
                                 -0.000401    0.000000   -0.000401                -0.000401 
    36   17.106306   -4.634023   -2.328619    1.127235   -5.835407    3.602548    7.668350 
                                 -0.000371    0.000000   -0.000371                -0.000371 
