  -0.1727019957   0.6231534321
  -0.0359695013   0.1297896543
  -0.0743607577   0.2683128267
  -0.0743607601   0.2683128263
  -0.0743607531   0.2683128280
  -0.0743607555   0.2683128275
  -0.0359707358   0.1297893122
  -0.0202221988   0.0729682455
  -0.0202221996   0.0729682453
  -0.0202221983   0.0729682459
  -0.0202221989   0.0729682452
  -0.0416035781   0.1501164568
  -0.0416035766   0.1501164574
  -0.0416035773   0.1501164564
  -0.0416035758   0.1501164574
  -0.0202228818   0.0729680562
  -0.0202228818   0.0729680565
  -0.0202228808   0.0729680565
  -0.0202228810   0.0729680565
  -0.0129406299   0.0466939753
  -0.0129406293   0.0466939759
  -0.0129406300   0.0466939752
  -0.0129406293   0.0466939759
  -0.0129410620   0.0466938558
  -0.0129410615   0.0466938555
  -0.0129410618   0.0466938559
  -0.0129410612   0.0466938556
   0.0085853906  -0.0309778006
  -0.0185414228   0.0669022436
  -0.0185414230   0.0669022436
  -0.0185414219   0.0669022439
  -0.0185414219   0.0669022438
   0.0085851295  -0.0309778729
   0.0064075236  -0.0231196366
   0.0064075239  -0.0231196361
   0.0064075235  -0.0231196366
   0.0064075237  -0.0231196358
  -0.0065714875   0.0237120424
  -0.0065714875   0.0237120429
  -0.0065714865   0.0237120429
  -0.0065714872   0.0237120428
  -0.0134709986   0.0486068417
  -0.0134709978   0.0486068424
  -0.0134709984   0.0486068416
  -0.0134709970   0.0486068420
  -0.0134709986   0.0486068414
  -0.0134709973   0.0486068420
  -0.0134709982   0.0486068422
  -0.0134709974   0.0486068421
  -0.0065717028   0.0237119831
  -0.0065717032   0.0237119829
  -0.0065717026   0.0237119833
  -0.0065717021   0.0237119830
   0.0064073356  -0.0231196879
   0.0064073363  -0.0231196886
   0.0064073356  -0.0231196884
   0.0064073362  -0.0231196886
   0.0049512623  -0.0178651626
   0.0049512627  -0.0178651618
   0.0049512627  -0.0178651621
   0.0049512625  -0.0178651623
  -0.0049725935   0.0179427133
  -0.0049725927   0.0179427133
  -0.0049725935   0.0179427132
  -0.0049725931   0.0179427136
  -0.0049725935   0.0179427135
  -0.0049725931   0.0179427129
  -0.0049725930   0.0179427131
  -0.0049725928   0.0179427140
  -0.0049727544   0.0179426692
  -0.0049727539   0.0179426687
  -0.0049727537   0.0179426684
  -0.0049727536   0.0179426692
  -0.0049727539   0.0179426688
  -0.0049727533   0.0179426688
  -0.0049727541   0.0179426686
  -0.0049727534   0.0179426689
   0.0049511224  -0.0178652012
   0.0049511220  -0.0178652010
   0.0049511220  -0.0178652009
   0.0049511228  -0.0178652014
   0.0031332417  -0.0113053809
   0.0031332415  -0.0113053813
   0.0031332414  -0.0113053813
   0.0031332418  -0.0113053816
  -0.0063166866   0.0227922365
  -0.0063166864   0.0227922365
  -0.0063166862   0.0227922365
  -0.0063166860   0.0227922366
   0.0031331571  -0.0113054050
   0.0031331574  -0.0113054046
   0.0031331573  -0.0113054047
   0.0031331569  -0.0113054044
   0.0048812957  -0.0176130169
   0.0025876369  -0.0093367303
   0.0025876370  -0.0093367301
   0.0025876369  -0.0093367302
   0.0025876368  -0.0093367300
   0.0025876366  -0.0093367303
   0.0025876370  -0.0093367301
   0.0025876365  -0.0093367303
   0.0025876368  -0.0093367302
  -0.0025011031   0.0090247770
  -0.0025011030   0.0090247768
  -0.0025011029   0.0090247768
  -0.0025011028   0.0090247768
  -0.0052144287   0.0188150068
  -0.0052144294   0.0188150070
  -0.0052144283   0.0188150072
  -0.0052144290   0.0188150067
  -0.0025011808   0.0090247552
  -0.0025011806   0.0090247552
  -0.0025011806   0.0090247553
  -0.0025011806   0.0090247555
   0.0025875688  -0.0093367490
   0.0025875692  -0.0093367490
   0.0025875685  -0.0093367491
   0.0025875691  -0.0093367491
   0.0025875687  -0.0093367490
   0.0025875688  -0.0093367491
   0.0025875685  -0.0093367491
   0.0025875688  -0.0093367492
   0.0048813166  -0.0176130111
   0.0040163878  -0.0144921959
   0.0040163875  -0.0144921957
   0.0040163878  -0.0144921962
   0.0040163875  -0.0144921958
  -0.0021110212   0.0076172335
  -0.0021110214   0.0076172332
  -0.0021110208   0.0076172336
  -0.0021110211   0.0076172333
  -0.0042863612   0.0154662984
  -0.0042863610   0.0154662985
  -0.0042863612   0.0154662982
  -0.0042863607   0.0154662983
  -0.0042863613   0.0154662981
  -0.0042863608   0.0154662983
  -0.0042863611   0.0154662984
  -0.0042863608   0.0154662984
  -0.0021110848   0.0076172157
  -0.0021110851   0.0076172157
  -0.0021110844   0.0076172157
  -0.0021110848   0.0076172159
   0.0040164039  -0.0144921913
   0.0040164038  -0.0144921918
   0.0040164038  -0.0144921912
   0.0040164036  -0.0144921916
   0.0033593419  -0.0121213996
   0.0033593415  -0.0121213994
   0.0033593421  -0.0121213995
   0.0033593417  -0.0121213993
  -0.0017561220   0.0063366445
  -0.0017561219   0.0063366443
  -0.0017561219   0.0063366444
  -0.0017561220   0.0063366446
  -0.0017561220   0.0063366444
  -0.0017561219   0.0063366445
  -0.0017561218   0.0063366444
  -0.0017561218   0.0063366446
  -0.0017561750   0.0063366299
  -0.0017561749   0.0063366297
  -0.0017561749   0.0063366298
  -0.0017561747   0.0063366297
  -0.0017561748   0.0063366299
  -0.0017561747   0.0063366297
  -0.0017561747   0.0063366296
  -0.0017561747   0.0063366298
   0.0033593552  -0.0121213956
   0.0033593550  -0.0121213960
   0.0033593555  -0.0121213955
   0.0033593552  -0.0121213960
   0.0015622386  -0.0056368854
   0.0015622386  -0.0056368856
   0.0015622390  -0.0056368856
   0.0015622387  -0.0056368859
   0.0015622001  -0.0056368966
   0.0015621997  -0.0056368966
   0.0015622000  -0.0056368963
   0.0015621999  -0.0056368962
  -0.0000015384   0.0000000964
  -0.0276273182  -0.4408500261
  -0.0000003150   0.0000000200
  -0.0000003146   0.0000000197
  -0.0000003147   0.0000000198
  -0.0000003151   0.0000000195
   0.0276268445   0.4408500558
  -0.0132900775  -0.2120703710
  -0.0132900754  -0.2120703702
  -0.0132900805  -0.2120703705
  -0.0132900778  -0.2120703696
  -0.0000001318   0.0000000079
  -0.0000001319   0.0000000084
  -0.0000001321   0.0000000082
  -0.0000001316   0.0000000085
   0.0132898694   0.2120703830
   0.0132898673   0.2120703838
   0.0132898724   0.2120703830
   0.0132898707   0.2120703834
  -0.0078825204  -0.1257817843
  -0.0078825205  -0.1257817835
  -0.0078825200  -0.1257817834
  -0.0078825214  -0.1257817838
   0.0078824023   0.1257817914
   0.0078824039   0.1257817910
   0.0078824033   0.1257817905
   0.0078824038   0.1257817915
  -0.0043896285  -0.0700456588
  -0.0000000497   0.0000000028
  -0.0000000490   0.0000000035
  -0.0000000490   0.0000000027
  -0.0000000497   0.0000000034
   0.0043895797   0.0700456619
  -0.0031259395  -0.0498809854
  -0.0031259396  -0.0498809849
  -0.0031259397  -0.0498809858
  -0.0031259399  -0.0498809851
  -0.0037242445  -0.0594279800
  -0.0037242446  -0.0594279805
  -0.0037242457  -0.0594279804
  -0.0037242451  -0.0594279808
  -0.0000000359   0.0000000018
  -0.0000000355   0.0000000022
  -0.0000000362   0.0000000026
  -0.0000000359   0.0000000020
  -0.0000000360   0.0000000025
  -0.0000000362   0.0000000020
  -0.0000000355   0.0000000023
  -0.0000000358   0.0000000027
   0.0037241910   0.0594279842
   0.0037241904   0.0594279838
   0.0037241916   0.0594279839
   0.0037241917   0.0594279834
   0.0031259187   0.0498809864
   0.0031259189   0.0498809870
   0.0031259188   0.0498809862
   0.0031259191   0.0498809866
  -0.0023399810  -0.0373394084
  -0.0023399816  -0.0373394080
  -0.0023399808  -0.0373394083
  -0.0023399814  -0.0373394080
  -0.0027651118  -0.0441230469
  -0.0027651120  -0.0441230471
  -0.0027651118  -0.0441230470
  -0.0027651126  -0.0441230466
  -0.0027651119  -0.0441230469
  -0.0027651124  -0.0441230469
  -0.0027651124  -0.0441230472
  -0.0027651125  -0.0441230468
   0.0027650720   0.0441230494
   0.0027650722   0.0441230497
   0.0027650721   0.0441230494
   0.0027650727   0.0441230494
   0.0027650718   0.0441230491
   0.0027650728   0.0441230494
   0.0027650726   0.0441230495
   0.0027650728   0.0441230493
   0.0023399722   0.0373394086
   0.0023399728   0.0373394089
   0.0023399720   0.0373394086
   0.0023399726   0.0373394089
  -0.0014247702  -0.0227353078
  -0.0014247703  -0.0227353080
  -0.0014247707  -0.0227353078
  -0.0014247706  -0.0227353078
  -0.0000000184   0.0000000013
  -0.0000000185   0.0000000012
  -0.0000000185   0.0000000012
  -0.0000000184   0.0000000010
   0.0014247707   0.0227353078
   0.0014247705   0.0227353078
   0.0014247710   0.0227353079
   0.0014247711   0.0227353077
   0.0004195142   0.0066940983
  -0.0011601983  -0.0185135085
  -0.0011601988  -0.0185135082
  -0.0011601983  -0.0185135084
  -0.0011601988  -0.0185135084
  -0.0011601983  -0.0185135087
  -0.0011601986  -0.0185135082
  -0.0011601985  -0.0185135084
  -0.0011601988  -0.0185135086
  -0.0013503312  -0.0215473079
  -0.0013503314  -0.0215473080
  -0.0013503312  -0.0215473082
  -0.0013503316  -0.0215473083
  -0.0000000160   0.0000000011
  -0.0000000159   0.0000000008
  -0.0000000159   0.0000000012
  -0.0000000160   0.0000000009
   0.0013503112   0.0215473095
   0.0013503117   0.0215473094
   0.0013503115   0.0215473093
   0.0013503116   0.0215473091
   0.0011602011   0.0185135085
   0.0011602014   0.0185135082
   0.0011602013   0.0185135080
   0.0011602016   0.0185135085
   0.0011602012   0.0185135083
   0.0011602016   0.0185135082
   0.0011602011   0.0185135081
   0.0011602016   0.0185135083
  -0.0004194941  -0.0066940995
   0.0003277435   0.0052297091
   0.0003277433   0.0052297090
   0.0003277435   0.0052297091
   0.0003277433   0.0052297088
  -0.0011154914  -0.0177999537
  -0.0011154911  -0.0177999540
  -0.0011154917  -0.0177999539
  -0.0011154912  -0.0177999538
  -0.0000000133   0.0000000007
  -0.0000000132   0.0000000008
  -0.0000000133   0.0000000008
  -0.0000000133   0.0000000009
  -0.0000000133   0.0000000008
  -0.0000000132   0.0000000009
  -0.0000000132   0.0000000009
  -0.0000000132   0.0000000009
   0.0011154750   0.0177999548
   0.0011154746   0.0177999550
   0.0011154752   0.0177999550
   0.0011154749   0.0177999547
  -0.0003277249  -0.0052297100
  -0.0003277248  -0.0052297103
  -0.0003277250  -0.0052297102
  -0.0003277248  -0.0052297103
   0.0002617412   0.0041765090
   0.0002617409   0.0041765088
   0.0002617410   0.0041765088
   0.0002617411   0.0041765090
  -0.0009262858  -0.0147807931
  -0.0009262860  -0.0147807932
  -0.0009262858  -0.0147807930
  -0.0009262862  -0.0147807930
  -0.0009262857  -0.0147807930
  -0.0009262861  -0.0147807930
  -0.0009262860  -0.0147807932
  -0.0009262861  -0.0147807931
   0.0009262722   0.0147807940
   0.0009262723   0.0147807941
   0.0009262721   0.0147807939
   0.0009262724   0.0147807939
   0.0009262720   0.0147807939
   0.0009262724   0.0147807939
   0.0009262722   0.0147807940
   0.0009262723   0.0147807940
  -0.0002617239  -0.0041765100
  -0.0002617239  -0.0041765099
  -0.0002617240  -0.0041765098
  -0.0002617237  -0.0041765101
  -0.0006811724  -0.0108696265
  -0.0006811725  -0.0108696264
  -0.0006811725  -0.0108696264
  -0.0006811726  -0.0108696263
   0.0006811774   0.0108696260
   0.0006811776   0.0108696260
   0.0006811775   0.0108696260
   0.0006811777   0.0108696261
  -0.1733645069  -0.7318775767
   0.0476173848   0.2010240640
   0.0505687305   0.2134815139
   0.0505687493   0.2134815068
   0.0505687039   0.2134815178
   0.0505687237   0.2134815156
   0.0476182683   0.2010238546
   0.0192571669   0.0812966497
   0.0192571703   0.0812966522
   0.0192571701   0.0812966497
   0.0192571713   0.0812966515
   0.0269545527   0.1137916544
   0.0269545569   0.1137916541
   0.0269545519   0.1137916554
   0.0269545565   0.1137916527
   0.0192573326   0.0812966135
   0.0192573323   0.0812966116
   0.0192573326   0.0812966137
   0.0192573350   0.0812966094
   0.0104936584   0.0443003189
   0.0104936628   0.0443003181
   0.0104936612   0.0443003201
   0.0104936604   0.0443003182
   0.0104937335   0.0443003009
   0.0104937333   0.0443003028
   0.0104937309   0.0443003024
   0.0104937351   0.0443003006
  -0.0016418242  -0.0069311533
   0.0110340194   0.0465813361
   0.0110340155   0.0465813380
   0.0110340213   0.0465813366
   0.0110340166   0.0465813368
  -0.0016418284  -0.0069311521
  -0.0016862263  -0.0071185890
  -0.0016862293  -0.0071185903
  -0.0016862263  -0.0071185899
  -0.0016862283  -0.0071185929
   0.0045321313   0.0191329560
   0.0045321271   0.0191329541
   0.0045321273   0.0191329555
   0.0045321301   0.0191329552
   0.0075976815   0.0320744593
   0.0075976797   0.0320744574
   0.0075976827   0.0320744573
   0.0075976791   0.0320744596
   0.0075976841   0.0320744585
   0.0075976797   0.0320744580
   0.0075976825   0.0320744567
   0.0075976818   0.0320744592
   0.0045321583   0.0191329487
   0.0045321612   0.0191329477
   0.0045321606   0.0191329462
   0.0045321579   0.0191329497
  -0.0016862250  -0.0071185936
  -0.0016862253  -0.0071185901
  -0.0016862229  -0.0071185917
  -0.0016862250  -0.0071185893
  -0.0015046535  -0.0063520606
  -0.0015046565  -0.0063520615
  -0.0015046563  -0.0063520598
  -0.0015046542  -0.0063520591
   0.0032282649   0.0136285226
   0.0032282628   0.0136285233
   0.0032282660   0.0136285233
   0.0032282650   0.0136285225
   0.0032282646   0.0136285215
   0.0032282668   0.0136285237
   0.0032282637   0.0136285234
   0.0032282633   0.0136285215
   0.0032282851   0.0136285164
   0.0032282854   0.0136285182
   0.0032282829   0.0136285199
   0.0032282839   0.0136285169
   0.0032282841   0.0136285181
   0.0032282834   0.0136285192
   0.0032282862   0.0136285177
   0.0032282841   0.0136285180
  -0.0015046514  -0.0063520598
  -0.0015046499  -0.0063520613
  -0.0015046504  -0.0063520630
  -0.0015046527  -0.0063520608
  -0.0010088003  -0.0042587579
  -0.0010087995  -0.0042587562
  -0.0010087984  -0.0042587568
  -0.0010088003  -0.0042587541
   0.0031857971   0.0134491985
   0.0031857987   0.0134491983
   0.0031857961   0.0134491989
   0.0031857976   0.0134491985
  -0.0010087963  -0.0042587551
  -0.0010087993  -0.0042587566
  -0.0010087981  -0.0042587566
  -0.0010087980  -0.0042587585
  -0.0024481872  -0.0103353291
  -0.0008696455  -0.0036712960
  -0.0008696450  -0.0036712960
  -0.0008696457  -0.0036712965
  -0.0008696454  -0.0036712964
  -0.0008696437  -0.0036712970
  -0.0008696466  -0.0036712973
  -0.0008696431  -0.0036712982
  -0.0008696449  -0.0036712978
   0.0014205241   0.0059969182
   0.0014205250   0.0059969185
   0.0014205251   0.0059969186
   0.0014205246   0.0059969187
   0.0026273958   0.0110918489
   0.0026273970   0.0110918464
   0.0026273958   0.0110918467
   0.0026273979   0.0110918484
   0.0014205317   0.0059969170
   0.0014205312   0.0059969172
   0.0014205312   0.0059969169
   0.0014205319   0.0059969163
  -0.0008696426  -0.0036712985
  -0.0008696444  -0.0036712979
  -0.0008696409  -0.0036712987
  -0.0008696434  -0.0036712970
  -0.0008696416  -0.0036712974
  -0.0008696414  -0.0036712975
  -0.0008696418  -0.0036712968
  -0.0008696413  -0.0036712971
  -0.0024482025  -0.0103353255
  -0.0019387200  -0.0081845351
  -0.0019387185  -0.0081845368
  -0.0019387198  -0.0081845336
  -0.0019387183  -0.0081845356
   0.0012063272   0.0050926573
   0.0012063288   0.0050926587
   0.0012063274   0.0050926583
   0.0012063278   0.0050926580
   0.0020888122   0.0088181527
   0.0020888122   0.0088181526
   0.0020888120   0.0088181539
   0.0020888122   0.0088181537
   0.0020888123   0.0088181537
   0.0020888127   0.0088181537
   0.0020888118   0.0088181527
   0.0020888118   0.0088181528
   0.0012063327   0.0050926568
   0.0012063332   0.0050926569
   0.0012063321   0.0050926579
   0.0012063328   0.0050926559
  -0.0019387275  -0.0081845334
  -0.0019387251  -0.0081845323
  -0.0019387278  -0.0081845346
  -0.0019387256  -0.0081845337
  -0.0015733035  -0.0066418904
  -0.0015733021  -0.0066418924
  -0.0015733043  -0.0066418900
  -0.0015733037  -0.0066418922
   0.0009668021   0.0040814756
   0.0009668027   0.0040814758
   0.0009668013   0.0040814753
   0.0009668026   0.0040814750
   0.0009668014   0.0040814756
   0.0009668021   0.0040814750
   0.0009668019   0.0040814756
   0.0009668021   0.0040814754
   0.0009668078   0.0040814740
   0.0009668080   0.0040814741
   0.0009668076   0.0040814736
   0.0009668084   0.0040814738
   0.0009668071   0.0040814739
   0.0009668084   0.0040814736
   0.0009668074   0.0040814747
   0.0009668079   0.0040814742
  -0.0015733106  -0.0066418905
  -0.0015733091  -0.0066418889
  -0.0015733121  -0.0066418901
  -0.0015733100  -0.0066418889
  -0.0005496464  -0.0023203885
  -0.0005496462  -0.0023203882
  -0.0005496480  -0.0023203871
  -0.0005496458  -0.0023203871
  -0.0005496441  -0.0023203875
  -0.0005496421  -0.0023203885
  -0.0005496443  -0.0023203887
  -0.0005496442  -0.0023203890
  -0.0000000064   0.0000000024
  -0.0000000733   0.0000000521
  -0.1489955461   0.2620497518
   0.2966901658  -0.5220530719
  -0.2966894728   0.5220523803
   0.1489947501  -0.2620488940
  -0.0000002928  -0.0000001009
  -0.0119218367   0.0209680819
   0.0237397215  -0.0417725939
  -0.0237396618   0.0417724936
   0.0119218585  -0.0209681516
   0.0284735824  -0.0501251179
  -0.0859220582   0.1511642910
   0.0859221085  -0.1511643121
  -0.0284735125   0.0501251249
  -0.0119219650   0.0209680389
   0.0237400872  -0.0417723053
  -0.0237399042   0.0417722170
   0.0119221551  -0.0209680053
   0.0046185874  -0.0081307359
  -0.0139371397   0.0245200157
   0.0139371395  -0.0245200508
  -0.0046185921   0.0081306340
   0.0046186303  -0.0081306862
  -0.0139372907   0.0245199575
   0.0139373538  -0.0245199391
  -0.0046186232   0.0081306464
  -0.0000000617  -0.0000000389
  -0.0134390560   0.0236362367
   0.0267608091  -0.0470879868
  -0.0267606812   0.0470879460
   0.0134390227  -0.0236362520
  -0.0000000123   0.0000000229
   0.0014470306  -0.0025450772
  -0.0028815382   0.0050702164
   0.0028814765  -0.0050702588
  -0.0014470901   0.0025450216
  -0.0030648839   0.0053904410
   0.0061029976  -0.0107388529
  -0.0061029838   0.0107388220
   0.0030648813  -0.0053904820
  -0.0008285046   0.0014521740
  -0.0130318152   0.0229250135
   0.0107356510  -0.0188928309
  -0.0168640138   0.0296712911
   0.0168640617  -0.0296713152
  -0.0107356146   0.0188928046
   0.0130318308  -0.0229250317
   0.0008285145  -0.0014522016
  -0.0030648860   0.0053904464
   0.0061030755  -0.0107388214
  -0.0061030476   0.0107388076
   0.0030649283  -0.0053904529
   0.0014470523  -0.0025450290
  -0.0028814642   0.0050702508
   0.0028814759  -0.0050702166
  -0.0014470429   0.0025450649
  -0.0009060772   0.0015950017
   0.0027340950  -0.0048101658
  -0.0027341321   0.0048101340
   0.0009060394  -0.0015950380
  -0.0001455207   0.0002545317
  -0.0035679060   0.0062765672
   0.0028378685  -0.0049942336
  -0.0045565586   0.0080170234
   0.0045565623  -0.0080170488
  -0.0028378644   0.0049942037
   0.0035679061  -0.0062765945
   0.0001455189  -0.0002545554
  -0.0001455089   0.0002545419
  -0.0035679368   0.0062765670
   0.0028379101  -0.0049942104
  -0.0045566019   0.0080170209
   0.0045566303  -0.0080170232
  -0.0028378876   0.0049942158
   0.0035679624  -0.0062765664
   0.0001455401  -0.0002545404
  -0.0009060441   0.0015950232
   0.0027340919  -0.0048101430
  -0.0027340795   0.0048101703
   0.0009060516  -0.0015950001
   0.0009909224  -0.0017428307
  -0.0019732330   0.0034720381
   0.0019732117  -0.0034720561
  -0.0009909477   0.0017428198
   0.0019423914  -0.0034194101
  -0.0058613639   0.0103120232
   0.0058613957  -0.0103120334
  -0.0019423787   0.0034193954
   0.0009909272  -0.0017428246
  -0.0019732136   0.0034720548
   0.0019732027  -0.0034720472
  -0.0009909260   0.0017428344
  -0.0000000106   0.0000000092
   0.0000856329  -0.0001501238
   0.0013482849  -0.0023718700
  -0.0011106531   0.0019545148
   0.0017447193  -0.0030697594
  -0.0017447455   0.0030697457
   0.0011106279  -0.0019545238
  -0.0013483109   0.0023718620
  -0.0000856558   0.0001501202
   0.0006511213  -0.0011462566
  -0.0019648392   0.0034567822
   0.0019648346  -0.0034567987
  -0.0006511209   0.0011462518
  -0.0021845275   0.0038420971
   0.0043500082  -0.0076542012
  -0.0043499661   0.0076541962
   0.0021845325  -0.0038420977
   0.0006511339  -0.0011462469
  -0.0019648530   0.0034567894
   0.0019648665  -0.0034567879
  -0.0006511221   0.0011462525
   0.0000856447  -0.0001501188
   0.0013482832  -0.0023718561
  -0.0011106382   0.0019545206
   0.0017447095  -0.0030697484
  -0.0017447250   0.0030697551
   0.0011106301  -0.0019545238
  -0.0013482871   0.0023718674
  -0.0000856421   0.0001501155
  -0.0000000064   0.0000000148
   0.0005140541  -0.0009041385
  -0.0010236553   0.0018011973
   0.0010236338  -0.0018012128
  -0.0005140727   0.0009041210
  -0.0007530370   0.0013244311
   0.0014995142  -0.0026385365
  -0.0014995023   0.0026385335
   0.0007530509  -0.0013244338
  -0.0004731444   0.0008312355
  -0.0027259252   0.0047952201
   0.0026194602  -0.0046096119
  -0.0037507610   0.0065993639
   0.0037507929  -0.0065993682
  -0.0026194290   0.0046096098
   0.0027259369  -0.0047952081
   0.0004731479  -0.0008312316
  -0.0007530381   0.0013244325
   0.0014995336  -0.0026385283
  -0.0014995182   0.0026385294
   0.0007530530  -0.0013244231
   0.0005140652  -0.0009041376
  -0.0010236583   0.0018012027
   0.0010236501  -0.0018012100
  -0.0005140659   0.0009041293
  -0.0003928836   0.0006916472
   0.0011855610  -0.0020857711
  -0.0011855711   0.0020857884
   0.0003928699  -0.0006916291
  -0.0001608763   0.0002826105
  -0.0009800232   0.0017239699
   0.0009302176  -0.0016369939
  -0.0013415810   0.0023604877
   0.0013415859  -0.0023604984
  -0.0009302162   0.0016369863
   0.0009800143  -0.0017239702
   0.0001608678  -0.0002826070
  -0.0001608760   0.0002826106
  -0.0009800217   0.0017239692
   0.0009302322  -0.0016369803
  -0.0013415944   0.0023604916
   0.0013416063  -0.0023604901
  -0.0009302276   0.0016369847
   0.0009800267  -0.0017239682
   0.0001608756  -0.0002826063
  -0.0003928849   0.0006916376
   0.0011855599  -0.0020857704
  -0.0011855679   0.0020857910
   0.0003928727  -0.0006916222
  -0.0003195233   0.0005624736
   0.0009641699  -0.0016962757
  -0.0009641823   0.0016962683
   0.0003195158  -0.0005624774
  -0.0003195133   0.0005624783
   0.0009641720  -0.0016962802
  -0.0009641669   0.0016962804
   0.0003195113  -0.0005624733
  -0.0000000049  -0.0000000150
  -0.0000000065  -0.0000000385
  -0.5339401794   0.2747207964
  -0.2680194117   0.1379677399
   0.2680191789  -0.1379674831
   0.5339405029  -0.2747210783
   0.0000000710   0.0000000197
  -0.0427235474   0.0219821818
  -0.0214457331   0.0110396876
   0.0214457004  -0.0110396558
   0.0427235275  -0.0219821576
  -0.1546070451   0.0795607851
  -0.0512659959   0.0263642218
   0.0512659880  -0.0263641980
   0.1546070207  -0.0795607919
  -0.0427237432   0.0219818077
  -0.0214458313   0.0110394812
   0.0214457518  -0.0110394540
   0.0427236669  -0.0219818235
  -0.0250783996   0.0129054770
  -0.0083157241   0.0042765227
   0.0083157197  -0.0042765118
   0.0250783967  -0.0129054375
  -0.0250784847   0.0129052874
  -0.0083157637   0.0042764489
   0.0083157357  -0.0042764585
   0.0250784814  -0.0129052736
   0.0000000187   0.0000000153
  -0.0481602014   0.0247792145
  -0.0241747545   0.0124443699
   0.0241747085  -0.0124443563
   0.0481602133  -0.0247792096
   0.0000000055  -0.0000000109
   0.0051857108  -0.0026680957
   0.0026030510  -0.0013399435
  -0.0026030296   0.0013399583
  -0.0051856891   0.0026681135
  -0.0109833417   0.0056511708
  -0.0055132590   0.0028380689
   0.0055132520  -0.0028380580
   0.0109833416  -0.0056511555
  -0.0303470177   0.0156154240
  -0.0193229668   0.0099406018
  -0.0234472000   0.0120670990
   0.0014853850  -0.0007673809
  -0.0014854010   0.0007673918
   0.0234471885  -0.0120670875
   0.0193229621  -0.0099405944
   0.0303470158  -0.0156154125
  -0.0109833961   0.0056510812
  -0.0055132798   0.0028380325
   0.0055132685  -0.0028380282
   0.0109833796  -0.0056510779
   0.0051856784  -0.0026681481
   0.0026030252  -0.0013399684
  -0.0026030317   0.0013399559
  -0.0051856865   0.0026681356
   0.0049197184  -0.0025316596
   0.0016313281  -0.0008389158
  -0.0016313183   0.0008389238
  -0.0049197070   0.0025316739
  -0.0081995919   0.0042192532
  -0.0051079150   0.0026277483
  -0.0064195260   0.0033038220
   0.0002603750  -0.0001347945
  -0.0002603757   0.0001348037
   0.0064195236  -0.0033038117
   0.0051079139  -0.0026277376
   0.0081995924  -0.0042192442
  -0.0081996267   0.0042191903
  -0.0051079378   0.0026277037
  -0.0064195540   0.0033037715
   0.0002603674  -0.0001348077
  -0.0002603787   0.0001348094
   0.0064195451  -0.0033037742
   0.0051079288  -0.0026277039
   0.0081996150  -0.0042191909
   0.0049196954  -0.0025316968
   0.0016313124  -0.0008389413
  -0.0016313202   0.0008389282
  -0.0049196980   0.0025316872
   0.0035511203  -0.0018270948
   0.0017825381  -0.0009175843
  -0.0017825319   0.0009175904
  -0.0035511112   0.0018270976
  -0.0105468831   0.0054274288
  -0.0034972343   0.0017984995
   0.0034972240  -0.0017984941
   0.0105468784  -0.0054274238
   0.0035511060  -0.0018271143
   0.0017825340  -0.0009175943
  -0.0017825307   0.0009175906
  -0.0035511085   0.0018271110
   0.0000000035  -0.0000000036
   0.0031396633  -0.0016155383
   0.0019990294  -0.0010283778
   0.0024258947  -0.0012484748
  -0.0001535440   0.0000793327
   0.0001535538  -0.0000793276
  -0.0024258849   0.0012484773
  -0.0019990206   0.0010283805
  -0.0031396558   0.0016155387
  -0.0035355116   0.0018193891
  -0.0011723361   0.0006028987
   0.0011723380  -0.0006028928
   0.0035355113  -0.0018193871
  -0.0078284942   0.0040278872
  -0.0039296362   0.0020228452
   0.0039296207  -0.0020228436
   0.0078284923  -0.0040278872
  -0.0035355236   0.0018193670
  -0.0011723420   0.0006028859
   0.0011723368  -0.0006028861
   0.0035355194  -0.0018193693
   0.0031396523  -0.0016155538
   0.0019990215  -0.0010283944
   0.0024258853  -0.0012484859
  -0.0001535454   0.0000793270
   0.0001535504  -0.0000793290
  -0.0024258838   0.0012484875
  -0.0019990204   0.0010283893
  -0.0031396541   0.0016155541
   0.0000000017  -0.0000000063
   0.0018422233  -0.0009478504
   0.0009247319  -0.0004760180
  -0.0009247232   0.0004760247
  -0.0018422167   0.0009478563
  -0.0026986070   0.0013884887
  -0.0013546094   0.0006973132
   0.0013546049  -0.0006973121
   0.0026986017  -0.0013884881
  -0.0067496508   0.0034730610
  -0.0047145649   0.0024254627
  -0.0049044450   0.0025241366
   0.0008501904  -0.0004381604
  -0.0008502013   0.0004381627
   0.0049044333  -0.0025241365
   0.0047145613  -0.0024254665
   0.0067496495  -0.0034730622
  -0.0026986179   0.0013884705
  -0.0013546145   0.0006973054
   0.0013546089  -0.0006973057
   0.0026986120  -0.0013884742
   0.0018422212  -0.0009478481
   0.0009247330  -0.0004760191
  -0.0009247291   0.0004760229
  -0.0018422203   0.0009478509
   0.0021332850  -0.0010977944
   0.0007073752  -0.0003637806
  -0.0007073697   0.0003637740
  -0.0021332816   0.0010977880
  -0.0024142433   0.0012422676
  -0.0016742540   0.0008613468
  -0.0017632313   0.0009074753
   0.0002890480  -0.0001489779
  -0.0002890499   0.0001489827
   0.0017632305  -0.0009074734
   0.0016742574  -0.0008613463
   0.0024142464  -0.0012422697
  -0.0024142518   0.0012422544
  -0.0016742632   0.0008613343
  -0.0017632372   0.0009074650
   0.0002890508  -0.0001489784
  -0.0002890543   0.0001489783
   0.0017632348  -0.0009074670
   0.0016742615  -0.0008613344
   0.0024142511  -0.0012422561
   0.0021332869  -0.0010977910
   0.0007073747  -0.0003637797
  -0.0007073725   0.0003637734
  -0.0021332818   0.0010977840
   0.0017349188  -0.0008927833
   0.0005752800  -0.0002958453
  -0.0005752755   0.0002958482
  -0.0017349163   0.0008927842
   0.0017349122  -0.0008927909
   0.0005752766  -0.0002958466
  -0.0005752781   0.0002958467
  -0.0017349124   0.0008927887
   0.0822030746   0.0805701761
   0.4159194308   0.4076573584
  -0.1575024694  -0.1543713239
  -0.1575002365  -0.1543737255
  -0.1575003824  -0.1543734712
  -0.1575024240  -0.1543714061
   0.4159185629   0.4076572116
   0.0697482975   0.0683626055
   0.0697483436   0.0683624808
   0.0697482782   0.0683626157
   0.0697482047   0.0683625852
  -0.0458325442  -0.0449221235
  -0.0458326622  -0.0449222798
  -0.0458325268  -0.0449222066
  -0.0458325823  -0.0449222801
   0.0697484219   0.0683627757
   0.0697484173   0.0683627447
   0.0697485182   0.0683624249
   0.0697485154   0.0683627241
   0.0234891817   0.0230225108
   0.0234891867   0.0230224707
   0.0234892389   0.0230226232
   0.0234892257   0.0230224090
   0.0234891331   0.0230225653
   0.0234892476   0.0230225967
   0.0234893299   0.0230226672
   0.0234892951   0.0230225486
   0.0258369644   0.0253236500
  -0.0137488248  -0.0134756631
  -0.0137485768  -0.0134756796
  -0.0137485670  -0.0134756955
  -0.0137487448  -0.0134756160
   0.0258369682   0.0253239460
   0.0153906466   0.0150848760
   0.0153906412   0.0150849197
   0.0153906685   0.0150848611
   0.0153906718   0.0150848759
   0.0056425508   0.0055304181
   0.0056426080   0.0055304948
   0.0056426001   0.0055304062
   0.0056426093   0.0055304629
  -0.0079547745  -0.0077967960
  -0.0079547610  -0.0077968088
  -0.0079547261  -0.0077967917
  -0.0079547069  -0.0077968158
  -0.0079547042  -0.0077967546
  -0.0079547211  -0.0077967882
  -0.0079547460  -0.0077967421
  -0.0079547478  -0.0077967775
   0.0056426408   0.0055304903
   0.0056426081   0.0055304679
   0.0056426314   0.0055304897
   0.0056426332   0.0055304866
   0.0153906842   0.0150850797
   0.0153906896   0.0150850207
   0.0153906951   0.0150850820
   0.0153907016   0.0150850237
   0.0100906427   0.0098901881
   0.0100906582   0.0098901720
   0.0100906648   0.0098901993
   0.0100906755   0.0098901589
   0.0032433161   0.0031788570
   0.0032433128   0.0031788258
   0.0032433189   0.0031788735
   0.0032433274   0.0031788138
   0.0032433235   0.0031789001
   0.0032433364   0.0031788281
   0.0032433325   0.0031788858
   0.0032433230   0.0031788575
   0.0032433445   0.0031788927
   0.0032433505   0.0031789001
   0.0032433390   0.0031788886
   0.0032433644   0.0031788979
   0.0032433467   0.0031788823
   0.0032433572   0.0031789141
   0.0032433542   0.0031788946
   0.0032433699   0.0031789043
   0.0100906693   0.0098902729
   0.0100906959   0.0098903097
   0.0100906896   0.0098902825
   0.0100906924   0.0098903118
   0.0053771197   0.0052703110
   0.0053771273   0.0052703071
   0.0053771275   0.0052702930
   0.0053771248   0.0052703082
  -0.0024423607  -0.0023938618
  -0.0024423374  -0.0023938669
  -0.0024423151  -0.0023938596
  -0.0024423377  -0.0023938737
   0.0053771403   0.0052703550
   0.0053771181   0.0052703415
   0.0053771317   0.0052703587
   0.0053771437   0.0052703491
  -0.0008395631  -0.0008228517
   0.0040474438   0.0039670455
   0.0040474361   0.0039670318
   0.0040474377   0.0039670476
   0.0040474368   0.0039670213
   0.0040474443   0.0039670653
   0.0040474449   0.0039670511
   0.0040474458   0.0039670659
   0.0040474467   0.0039670679
   0.0009793122   0.0009598498
   0.0009793052   0.0009598253
   0.0009793144   0.0009598531
   0.0009793208   0.0009598564
  -0.0020690122  -0.0020279166
  -0.0020689606  -0.0020279156
  -0.0020689540  -0.0020279239
  -0.0020690015  -0.0020279100
   0.0009793232   0.0009598669
   0.0009793204   0.0009598760
   0.0009793429   0.0009598519
   0.0009793346   0.0009598743
   0.0040474610   0.0039670694
   0.0040474493   0.0039671005
   0.0040474461   0.0039670628
   0.0040474359   0.0039670835
   0.0040474500   0.0039670811
   0.0040474583   0.0039670747
   0.0040474641   0.0039670771
   0.0040474732   0.0039670700
  -0.0008395664  -0.0008228194
  -0.0004431564  -0.0004343426
  -0.0004431381  -0.0004343438
  -0.0004431575  -0.0004343484
  -0.0004431352  -0.0004343512
   0.0007781507   0.0007626698
   0.0007781707   0.0007626793
   0.0007781514   0.0007626850
   0.0007781767   0.0007626940
  -0.0014909302  -0.0014613119
  -0.0014909242  -0.0014612992
  -0.0014908831  -0.0014613182
  -0.0014908974  -0.0014613188
  -0.0014908773  -0.0014613165
  -0.0014908903  -0.0014613091
  -0.0014909034  -0.0014612923
  -0.0014909118  -0.0014612965
   0.0007781660   0.0007626881
   0.0007781762   0.0007626775
   0.0007781510   0.0007627017
   0.0007781585   0.0007627134
  -0.0004431358  -0.0004343354
  -0.0004431493  -0.0004343192
  -0.0004431275  -0.0004343340
  -0.0004431215  -0.0004343240
  -0.0002349029  -0.0002301984
  -0.0002349003  -0.0002302064
  -0.0002349223  -0.0002302206
  -0.0002349229  -0.0002302274
   0.0006045104   0.0005925225
   0.0006045025   0.0005925112
   0.0006045111   0.0005925051
   0.0006045476   0.0005924879
   0.0006045123   0.0005925092
   0.0006045420   0.0005925017
   0.0006045236   0.0005925132
   0.0006045170   0.0005925138
   0.0006045186   0.0005925299
   0.0006045242   0.0005925248
   0.0006045210   0.0005925285
   0.0006045419   0.0005925189
   0.0006045310   0.0005925151
   0.0006045359   0.0005925147
   0.0006045317   0.0005925095
   0.0006045256   0.0005925125
  -0.0002349114  -0.0002302147
  -0.0002349108  -0.0002302021
  -0.0002349159  -0.0002302077
  -0.0002349232  -0.0002302033
   0.0019511011   0.0019123520
   0.0019511136   0.0019123708
   0.0019510944   0.0019123270
   0.0019511231   0.0019123551
   0.0019511174   0.0019123668
   0.0019511271   0.0019123714
   0.0019511172   0.0019123540
   0.0019511118   0.0019123741
